575
188
806
477
1513
808
1276
881
766
544
1103
216
1047
1054
396
936
145
1356
290
630
95
65
1070
470
1322
197
549
622
1170
986
1491
1416
888
706
1516
631
589
249
88
1354
545
1476
425
749
124
573
948
1126
609
824
614
1289
949
507
319
1464
1099
970
711
958
459
1346
1032
158
512
1253
1141
1059
269
663
1296
1094
28
628
457
1401
167
920
533
1446
244
883
1235
280
367
1108
357
292
567
493
436
344
1510
819
451
590
66
521
1035
1502
1174
274
650
334
155
129
377
654
1512
1314
437
1155
351
160
1459
289
543
1479
603
449
1304
1242
1060
311
1408
1125
944
255
229
455
1123
800
1194
1501
1388
637
1396
72
6
1056
671
294
182
123
709
1352
41
200
1450
1004
1113
898
1392
89
1498
261
833
910
700
748
1042
363
1429
810
1088
1386
30
1369
598
111
304
424
889
534
1309
333
516
272
378
142
415
196
1490
1355
740
210
870
353
853
467
762
685
151
76
558
576
964
841
68
1334
1399
975
223
732
115
551
71
1390
1372
540
348
466
10
522
1209
790
812
18
921
1458
29
186
330
664
1089
56
1077
1264
480
840
537
1295
932
1086
909
169
1055
1377
520
865
1288
1014
1320
98
338
192
1255
276
1469
82
1180
1048
952
96
514
912
708
293
794
328
1306
402
64
570
1145
917
391
645
309
770
409
295
131
235
1120
331
905
161
1208
134
1220
107
792
174
1437
725
25
445
23
548
753
1452
828
1189
1357
162
835
705
998
356
937
861
371
587
973
441
1185
407
769
421
1400
651
370
268
48
802
1226
1373
913
1300
245
578
237
1331
42
1095
604
518
1413
1405
1493
433
257
220
636
904
1430
298
81
1270
1359
701
1422
1025
505
342
400
947
592
1069
1259
694
277
784
536
136
302
315
597
428
296
692
796
1447
809
896
557
1432
511
1228
568
571
395
222
69
54
1423
1327
1338
159
343
500
1520
1404
1023
193
547
1285
397
427
619
765
1181
1455
1260
1049
1271
1365
36
720
173
696
1380
959
745
1497
726
63
751
978
133
148
1397
1496
435
815
1385
1136
408
791
867
1311
144
820
1225
383
992
996
1362
1281
218
1230
895
9
488
464
1481
1052
807
1212
462
1308
1200
695
741
1130
652
1027
660
1466
1478
968
350
1353
376
901
1379
1378
165
858
649
388
513
202
599
754
854
38
1066
724
818
46
384
27
1457
1232
413
1250
759
704
1075
788
116
1114
281
1033
734
1499
715
1341
655
138
206
687
118
601
482
398
320
1265
156
1506
643
461
362
1256
496
190
318
1511
266
297
1237
760
816
738
681
448
275
1483
1424
34
375
1139
426
1034
899
314
213
1063
208
834
468
680
55
707
780
1374
550
1328
252
1468
152
1092
1367
1418
251
831
699
950
644
1409
242
846
1449
1106
1218
1190
1313
1384
1223
946
135
475
1258
463
327
563
897
1173
438
1332
1428
876
288
1062
566
911
733
1001
419
60
349
801
1216
1398
1186
1414
1514
736
1153
366
860
239
1002
1345
848
444
525
271
1036
1198
1093
1163
838
799
919
286
92
178
103
1019
1078
1239
922
335
132
990
1024
340
891
140
50
203
974
146
793
747
1003
1229
230
588
656
336
620
1079
458
283
1191
1076
100
907
35
1053
1224
1039
21
1213
743
1028
1140
693
993
1484
1115
232
317
1064
729
1280
659
546
51
672
346
385
552
1290
1387
291
1480
813
927
104
730
632
717
260
126
300
1149
639
84
1018
1277
1252
934
225
267
175
446
869
991
1188
106
661
502
1165
886
1461
647
842
966
851
1266
498
772
669
957
795
989
1029
926
3
1366
1371
1349
1100
1257
1157
629
596
1342
417
324
541
676
1515
364
1462
329
1046
1509
1000
1245
1412
1031
137
94
1343
1381
1008
1286
757
1131
487
1435
832
93
341
246
962
554
1187
1144
479
1475
874
278
440
1243
1085
164
943
181
1297
562
1135
939
414
1415
112
618
497
524
460
168
735
583
703
447
1471
882
1128
1169
20
97
337
985
698
914
811
582
307
1486
1274
918
716
776
217
16
40
489
615
1442
727
1456
1204
600
1421
393
423
204
1162
1150
928
977
392
1440
1249
472
1453
231
879
59
1337
1201
79
1460
492
481
113
170
1420
1319
880
478
591
1233
401
702
900
797
523
902
1221
1351
1012
836
306
354
712
1434
535
929
1195
1193
31
593
125
501
62
1247
722
1178
1298
577
4
827
1107
212
1104
666
742
1147
358
87
473
773
361
1160
1474
864
1316
783
1310
452
1406
852
1263
839
606
1152
323
1269
372
608
321
234
1061
430
99
1222
389
1382
373
130
73
44
1040
199
965
1403
1439
1138
1112
177
224
352
1072
683
668
1489
1463
1015
1109
1096
529
198
611
1148
721
1427
228
564
1251
1175
997
890
830
755
779
5
80
1350
1045
227
633
805
539
1122
1090
143
153
561
863
1037
154
581
1407
484
826
45
933
1292
1167
1017
1205
786
1007
471
183
476
1262
1278
1436
678
254
1172
531
495
1241
723
1110
70
572
110
625
624
465
756
1011
172
1211
83
102
1318
431
868
1293
1495
1410
1087
405
814
1431
380
1267
163
326
1445
1005
1121
410
1425
855
406
1142
653
1291
1364
1465
789
250
58
613
347
194
1244
553
49
635
454
14
969
1022
403
1084
602
1199
491
866
775
1444
1347
253
39
690
1161
670
310
787
265
1505
1302
988
574
845
1183
1307
739
1303
1433
556
1168
24
697
924
263
1158
1335
594
1
804
1317
763
686
1284
719
1067
1485
691
961
1020
847
677
474
586
13
1467
1009
782
390
579
1330
180
1438
259
109
1210
1143
1065
412
139
930
634
312
837
1240
569
1097
1441
648
667
469
916
15
689
972
1051
1156
1231
422
1370
1305
305
506
1508
8
610
844
434
2
191
584
416
1006
439
885
504
184
627
1312
565
121
971
57
1124
871
316
1013
32
1021
857
1101
1227
954
209
1477
1176
494
171
1394
189
33
825
207
1482
942
1073
1261
1325
179
117
420
785
1279
1383
382
821
86
1098
1368
1111
1159
1301
1363
903
211
1038
1041
878
61
1050
822
453
1177
1248
1137
1282
528
737
940
1361
640
778
1127
1102
710
12
1118
983
332
243
1389
221
503
595
19
642
1234
1402
303
215
963
1375
682
941
1454
374
559
1119
43
256
953
1219
976
984
714
339
201
147
617
1395
1500
1203
1117
185
1273
1358
1074
1321
22
1071
877
176
1058
53
442
532
359
850
823
1275
11
884
1217
141
219
750
538
995
894
508
47
781
915
236
1184
1083
994
411
386
1179
486
616
1348
758
127
150
931
938
85
1082
1448
923
1488
1507
456
1519
1202
287
258
248
195
17
662
1171
1443
798
166
872
981
1091
768
1517
519
1344
657
282
621
1492
1336
955
746
1146
365
675
771
1472
777
982
873
1105
517
105
1323
119
510
1391
980
157
1154
764
829
490
1518
728
240
527
951
26
90
673
1333
560
580
432
713
52
78
945
284
120
67
