702
1456
1426
1339
47
1068
1452
946
1232
26
417
837
893
1329
1021
844
1472
771
463
1151
54
1204
1413
105
391
1395
973
1305
1363
676
382
576
117
778
791
588
188
819
972
93
945
1078
886
1255
613
1009
1226
434
1107
1024
902
219
706
210
703
56
1210
1264
384
836
594
37
40
465
228
178
744
1252
1157
907
379
489
639
739
896
961
479
475
606
285
589
1338
1164
534
119
408
1360
261
861
1035
860
1109
1156
970
1487
898
402
370
350
166
1132
842
1246
1199
948
887
197
1458
879
559
208
245
1453
183
658
1380
1509
498
217
1189
1052
36
237
843
1449
1462
1190
1218
299
1175
761
1411
1282
84
127
790
269
50
1273
1446
504
539
206
554
19
221
608
1352
1172
111
322
1050
160
1519
660
271
204
1493
4
673
1025
1095
528
113
720
418
1022
1320
286
1290
1362
830
983
543
777
650
1092
383
1217
1510
1011
99
381
1149
215
291
1001
1254
840
179
666
164
375
510
22
80
132
1405
339
959
1076
1506
741
124
1433
1298
485
74
319
239
875
1381
684
1385
416
18
387
821
1520
522
1028
713
500
1042
700
1209
76
783
532
1421
863
987
310
533
368
1212
211
1286
1389
279
1250
5
514
1256
1366
866
1061
1253
155
140
931
617
1074
1176
1152
698
81
1410
598
824
1225
1308
229
300
1003
620
1269
818
1115
1502
665
75
738
1138
274
492
1178
1239
607
340
527
727
1081
1033
1276
1351
632
0
869
1220
1507
803
696
634
1121
953
1495
273
622
742
335
182
587
1005
1116
1211
912
1417
1448
459
694
708
737
754
1131
1503
1414
1219
1168
1073
897
184
909
621
270
555
1261
264
1120
908
462
944
1188
135
826
363
971
1475
196
794
293
1091
753
364
591
444
1393
57
1438
862
733
468
367
1100
1280
226
1474
1450
233
963
874
1430
1112
822
30
63
247
515
776
389
186
1270
880
1278
1067
1460
1105
829
421
1167
1322
644
628
1163
321
747
768
209
1161
1265
546
746
1365
453
784
1445
612
276
707
524
395
995
734
243
957
1016
246
1505
890
1412
980
3
10
1321
1275
100
1037
1353
378
845
1471
1388
960
1224
1476
511
804
1303
1508
911
1103
525
411
1497
412
1489
792
194
314
1315
216
649
372
1063
349
1117
38
630
1367
1415
452
297
497
827
1287
1203
704
433
1126
603
1040
441
12
1418
568
27
715
404
1263
159
195
1193
1127
130
298
1133
450
359
66
193
1145
415
769
529
432
1461
1257
1432
260
756
1469
289
901
730
282
1245
992
749
288
926
1518
590
175
1018
919
1183
430
60
254
903
923
573
422
723
394
853
657
1440
471
454
347
729
1140
232
1435
1144
1325
1088
1344
203
326
651
1056
773
574
1148
189
1386
46
234
799
1084
669
1114
671
595
218
586
1485
242
1397
483
910
476
1159
147
656
1357
820
1483
892
428
315
506
303
958
1058
817
162
1048
373
565
1244
544
240
345
1271
560
1075
1312
664
1387
956
123
1419
88
1463
864
798
964
1372
566
659
809
1318
1459
325
1160
985
280
924
1029
1420
1301
1511
1437
808
79
889
171
712
180
785
398
986
31
496
701
1066
106
530
1154
1155
474
1382
318
499
537
1044
571
437
425
1060
888
1482
72
353
1331
852
1182
1422
294
168
1238
241
1223
688
881
1123
975
64
770
1015
531
333
540
281
1408
11
466
495
780
636
552
978
1230
1010
623
42
1258
1006
1027
486
638
838
766
936
604
508
847
89
579
1336
248
765
44
583
813
1400
1031
1195
716
212
779
1499
401
348
857
883
1470
1062
1324
283
316
98
935
491
1082
133
104
371
143
925
1000
464
1403
1291
376
323
1498
1436
1337
24
1236
624
1171
1314
480
661
1065
1002
872
1330
1102
1359
1427
192
169
1328
561
1407
170
1110
1297
718
994
306
1457
1139
1077
344
832
681
841
1032
786
855
1046
691
224
775
116
721
526
487
311
728
145
834
396
567
295
134
1128
62
1165
1174
545
329
593
258
831
1101
900
811
392
424
942
431
70
1370
601
913
1187
399
1146
677
1228
493
1425
1150
1227
1379
236
523
997
1045
43
355
1296
161
577
876
436
1170
709
991
1007
1208
1478
1500
1477
1064
165
916
1089
202
915
905
257
1191
686
92
572
564
13
482
302
377
78
14
1207
966
642
917
1194
275
580
380
1201
922
1143
244
947
484
695
1135
266
94
7
988
1404
856
154
788
714
61
34
110
1517
735
467
222
1364
1294
939
1247
419
895
451
15
752
631
1309
23
1134
1333
782
1185
1348
1043
458
619
214
965
9
252
51
629
1383
1443
1307
253
265
878
1390
1346
1
1166
112
141
429
330
722
1177
751
558
547
505
256
328
439
338
1240
1429
427
551
938
187
600
518
33
1391
1355
86
55
103
403
457
982
157
984
1428
125
1072
1455
981
1049
509
562
652
478
1030
144
1513
1017
1097
1267
287
52
682
440
977
870
578
69
446
1192
131
235
1384
1053
95
120
962
1394
1323
267
1222
1099
17
616
1108
736
443
139
693
420
360
126
1051
1122
839
1202
648
249
1299
1402
1215
58
1106
1162
717
352
470
1501
121
667
1504
675
1375
1451
1295
1266
536
28
25
933
1130
198
290
49
309
1317
1343
556
563
553
227
1515
930
1392
793
1368
835
1014
48
1234
1214
1248
1198
1326
1142
645
1439
1268
1347
473
865
503
1289
687
1251
833
108
1012
512
1070
20
177
272
1020
637
851
867
351
1186
692
304
731
732
1090
1237
362
1327
643
251
976
1481
230
82
409
385
1233
1335
789
393
920
65
755
41
998
1491
173
1444
1512
711
1285
1026
740
854
138
1136
1242
1213
460
91
663
894
118
823
332
726
1274
342
1441
45
914
815
1093
609
447
810
748
268
29
873
507
1085
176
397
223
1080
993
949
1279
1098
884
158
1464
388
1104
472
614
317
1184
743
904
59
455
535
750
263
928
762
605
521
772
968
885
114
548
541
83
1034
1196
891
336
1259
1396
87
1345
1036
284
354
1041
307
156
1179
1304
494
1019
781
366
1038
1302
989
828
423
877
719
308
1473
764
954
438
705
151
1306
787
481
369
102
1319
1492
516
759
128
129
1341
668
848
937
1288
697
816
513
191
899
163
1334
77
941
517
767
1486
690
259
672
1516
641
296
1181
53
181
1205
1229
1467
940
445
400
1173
357
1454
1069
331
1059
1358
1272
967
683
405
678
1371
763
449
625
1349
796
627
868
334
812
71
1180
426
320
1479
662
277
950
921
581
1281
1054
1147
724
1153
1023
301
1137
1310
90
1119
685
1406
582
115
1241
570
1094
85
174
599
146
153
96
225
801
1496
689
640
1283
1377
136
974
906
167
710
542
797
774
1057
1141
1494
172
21
1292
585
1416
1262
490
1361
1401
550
1442
615
386
313
596
199
670
1480
1055
461
101
1284
1373
990
814
569
602
757
1447
150
324
413
918
327
699
346
807
292
365
68
1342
1409
597
802
262
39
951
343
501
1113
