1118
190
1124
488
846
557
152
8
358
1004
337
849
361
1424
1169
1465
1158
1434
390
107
725
999
149
1079
1514
109
255
1129
825
952
549
674
1216
1087
1260
1083
1488
1399
795
1235
406
16
969
448
618
1111
1293
185
205
73
442
1249
592
647
1490
250
231
979
1484
1008
220
200
97
858
646
137
1369
635
929
653
1243
680
519
1277
312
626
1398
584
207
1466
1125
806
1378
1071
435
655
934
1231
654
758
927
414
538
1468
800
201
1096
611
850
32
456
67
122
1039
305
502
1300
1197
520
374
278
1047
1431
410
679
6
477
1340
356
745
859
943
1423
1354
871
407
213
1200
610
1013
996
2
1350
238
1206
142
1376
341
1356
469
955
1374
1316
148
805
932
1221
1311
1332
35
760
575
882
1313
1086
633
