1461
212
1246
878
140
852
449
817
494
1335
281
1132
1410
834
1366
827
965
579
381
575
478
908
886
367
595
1359
1292
656
311
1495
993
1418
766
1016
110
276
1113
510
60
32
1444
408
1009
650
1258
469
302
191
1071
475
1148
920
945
355
1431
91
422
1497
273
870
1188
670
556
899
315
403
272
1481
2
1095
1488
557
1117
190
765
1469
209
359
467
1269
714
527
1192
214
804
1459
528
1248
1064
987
891
1236
1340
1304
1339
364
641
826
1494
810
594
327
1226
841
529
799
617
1464
762
307
78
1303
1261
854
1257
1106
1097
1170
665
548
701
616
183
767
535
1465
960
1194
343
843
418
797
52
119
115
508
865
1262
657
1249
1324
916
1125
1478
1197
709
1382
394
181
659
338
238
957
277
1291
853
