238
285
638
892
956
1081
1010
0
1196
555
530
1419
418
37
262
674
605
379
1494
1254
1329
226
1272
658
1360
1182
273
1503
1151
1132
101
817
450
862
1026
960
1426
1080
299
1030
875
843
270
1287
301
744
1504
399
75
803
394
77
205
623
1268
485
585
1473
731
979
1206
1133
1487
368
325
91
646
1166
906
355
1044
767
187
264
74
967
1324
526
925
1299
774
1236
1207
108
859
313
1376
1215
718
308
499
612
1246
1294
1315
665
149
679
1016
1470
856
887
247
987
1043
1417
360
626
1192
1411
128
688
893
935
1283
387
114
761
1134
908
1214
1068
1129
7
233
641
381
542
1339
1116
241
214
404
999
515
483
1326
1197
345
1057
1238
1340
1393
429
122
279
1164
443
322
849
369
509
752
1451
684
607
