1514
1389
1409
770
201
465
167
251
1411
909
1267
1450
308
790
161
187
146
1024
48
560
1109
101
412
1213
406
1120
866
1047
354
1280
942
351
592
129
1476
892
263
1085
1041
1017
1187
1376
1050
1380
1492
848
221
1060
901
1392
1471
1470
1181
1003
1044
443
275
1491
96
133
1006
170
57
606
149
295
104
385
775
648
213
1275
1414
695
7
1068
1374
116
744
773
1038
439
546
490
873
410
398
1208
71
1343
887
95
30
1173
1076
350
602
814
160
34
1135
1230
175
1276
962
845
249
502
1385
265
1059
1254
1420
1177
193
362
793
740
1061
705
108
1512
861
1144
255
507
1196
113
93
863
1405
759
365
642
105
1179
1034
943
326
1294
1021
219
1114
732
1160
904
177
162
1423
1386
1428
683
1167
414
1093
248
680
872
328
731
130
815
647
922
1486
22
862
1259
1422
345
137
1081
572
1381
1264
1301
903
573
369
600
425
429
547
876
1511
1020
8
404
1193
551
1131
1164
1201
290
819
1074
1015
761
1002
685
1286
679
1146
534
520
1103
344
1358
902
1088
652
83
144
774
5
79
847
1412
332
256
411
958
1224
417
1218
562
772
1475
271
717
1415
253
918
972
488
666
1274
158
330
1351
1119
1364
423
496
618
335
274
692
1377
1347
264
1084
593
1483
1435
787
19
1368
1504
936
368
84
689
513
1268
1191
1235
288
132
220
982
755
395
864
697
1356
578
3
1190
284
304
682
1439
907
1102
20
241
555
623
789
454
1099
1446
1375
75
347
82
890
1440
441
1480
1141
1421
911
1069
746
730
407
1468
1091
1484
421
35
1130
1184
1121
151
159
495
342
399
1498
461
842
874
802
224
176
1329
356
669
42
941
1145
1129
184
259
31
1142
1199
299
932
1371
917
1137
1252
946
203
585
846
1429
983
568
9
859
1355
1185
1434
1027
895
734
1457
473
999
1163
1112
472
1506
388
138
953
232
716
455
542
309
1140
1004
1342
458
737
433
813
380
509
1042
456
590
1205
268
1133
228
112
919
924
194
99
906
643
582
694
1370
1388
971
257
752
0
583
1520
1305
549
462
1244
1277
1354
143
292
944
229
165
1317
1245
580
869
969
715
1250
1053
565
609
51
1175
28
56
1127
114
948
479
1134
707
523
711
1436
1239
629
934
875
776
26
200
44
889
550
1157
979
43
646
1372
211
558
428
1352
645
1241
721
803
882
252
552
748
963
1166
543
164
1240
477
1426
289
207
90
1296
1150
50
811
166
844
1186
450
632
300
655
182
636
808
587
1189
47
258
713
1083
415
226
298
127
1321
1367
1028
74
499
1346
498
86
577
973
1032
401
671
1155
851
493
530
378
92
1353
88
750
1202
747
1285
626
1237
1334
333
531
363
134
794
1203
995
678
1344
1005
383
1326
420
386
1052
103
254
225
570
1349
444
318
505
849
806
218
123
1403
684
1320
1225
1519
1328
784
699
900
1433
1010
1211
786
1309
260
53
154
1338
923
1306
654
940
966
818
208
1357
571
1070
1419
1253
698
1298
1242
1424
316
850
389
18
1029
1360
627
1066
135
1293
97
1345
474
835
447
1485
459
1427
1325
1153
1116
1247
719
353
1373
1082
910
427
805
334
836
124
1361
832
227
1393
188
12
216
894
340
727
1273
621
888
1176
760
266
236
323
125
1505
70
824
1229
1124
702
931
926
285
1049
990
533
1014
1479
331
419
293
1165
996
242
753
80
270
921
537
435
745
339
29
147
1210
1395
703
798
448
111
337
1399
1
1098
1138
445
1289
305
631
619
611
1200
1263
1256
1260
792
768
23
660
686
795
1073
402
173
117
512
1255
286
63
756
877
1090
1473
1087
296
860
1383
521
11
1281
821
974
1310
480
1207
1025
142
782
357
1063
1151
952
1336
1094
1183
1105
1438
540
464
1454
1128
1067
634
197
1397
49
1212
291
1290
1195
222
430
262
610
1466
278
107
1295
1407
812
85
457
476
938
1503
800
136
314
883
282
1416
405
1182
676
554
27
16
915
871
1398
1062
968
1272
539
596
1287
561
605
929
518
1308
726
777
950
1214
139
390
424
649
89
409
739
1055
622
426
1467
511
704
297
483
466
1018
206
706
303
662
1369
1460
1072
612
989
978
1406
1394
503
59
1430
373
66
1443
230
141
1096
522
1500
754
1221
735
1065
831
168
1307
384
122
796
72
1513
930
67
245
506
785
231
1215
1174
1510
436
346
391
1107
1152
563
294
13
1482
1441
1337
1283
437
1315
1404
387
516
1413
77
544
1206
1455
1011
1054
1075
1463
68
375
658
126
515
880
743
234
1502
17
215
884
1220
858
279
432
881
1198
1078
1452
438
33
977
240
1265
392
624
440
94
967
280
1432
984
322
217
608
553
1222
186
501
994
329
485
1000
961
223
247
1115
1080
1447
1387
442
1477
1086
691
598
975
661
614
157
696
1487
927
155
613
1400
1209
1057
1316
1417
145
1227
781
905
763
341
1171
964
192
1031
525
1333
980
39
638
486
928
1341
758
1270
41
925
156
783
712
954
1204
1391
633
1108
1490
400
1458
1516
1507
970
15
484
196
839
171
588
949
536
1508
856
500
574
538
867
321
567
4
603
1311
360
283
36
1314
1282
1378
1012
239
1363
349
1462
204
261
779
1266
1154
778
325
896
733
301
559
172
897
807
452
1019
148
1501
55
653
898
371
1313
868
1472
514
453
109
431
1156
1110
202
1216
749
1159
545
319
604
725
586
1123
69
1136
1445
1243
708
1092
174
584
1100
1517
729
833
1143
933
336
1319
1231
1007
24
1077
663
1172
121
1026
1238
497
681
1396
1033
723
152
235
1425
1284
40
45
710
287
468
738
366
1104
1379
21
267
828
1518
1365
991
837
1169
913
37
630
1045
14
1118
370
687
1322
1362
724
178
1474
153
885
1323
463
829
620
377
1331
243
1499
481
1001
1161
1048
764
637
599
1162
1234
998
1223
1037
1233
517
1384
1297
487
625
1390
672
460
128
1217
667
628
1139
788
1302
62
205
822
1051
312
361
1043
1251
352
644
959
313
700
651
1228
382
857
690
935
591
163
1219
1008
46
939
718
1401
1330
317
569
372
38
751
6
855
1278
81
1035
416
1168
54
131
470
1279
1271
76
87
914
269
1509
413
1408
1318
1040
306
601
73
664
741
376
1111
840
396
519
816
791
728
434
1023
615
482
825
1039
451
675
150
1122
956
830
1437
564
997
491
640
185
677
1058
951
1451
102
688
639
674
358
189
210
955
576
1402
771
379
199
742
98
1288
64
1158
635
1101
118
1327
246
492
581
607
947
1493
58
25
780
1515
668
541
393
1013
1456
1126
504
823
180
1489
106
1180
673
893
120
566
937
820
195
985
348
1453
1022
446
310
1178
1348
838
981
1350
1232
320
720
250
912
244
1030
61
374
1300
179
237
986
693
1332
10
1442
65
722
526
524
769
233
801
1089
597
879
169
1147
100
198
589
1046
1449
532
1299
324
1496
1079
992
988
1312
736
809
1056
397
471
1149
976
1448
489
1036
757
